789
179
1510
2680
3309
84
173
3425
1698
4765
1794
3631
4870
4131
3899
2843
4779
293
853
1602
852
975
490
2084
1208
1839
474
2362
3441
4670
795
3033
437
4725
2327
2551
2303
2915
842
1295
1366
4262
4015
622
4668
1184
613
831
3441
4261
4174
4678
1608
2852
2324
1722
96
2945
701
1137
4625
972
369
3819
1690
2788
4333
3221
4667
3812
4486
506
97
4649
3903
1606
3942
1024
3367
918
1480
4679
1228
2988
3146
4936
1892
1091
1031
3289
2369
1808
1044
975
2196
636
2472
3294
2601
4500
2004
892
3599
1949
1838
126
567
928
3192
1554
1634
3663
4422
512
1555
4020
1780
1274
1217
1108
780
4287
1086
4624
2534
4964
2359
2937
2326
1854
2163
1055
3025
2965
409
2428
1194
3603
847
509
100
1393
3130
2070
1602
1156
372
2398
756
986
3742
2519
4141
1383
3152
423
2020
3689
2303
659
2525
88
3857
2011
4072
2019
2204
4885
2684
566
1948
1687
2555
3180
4498
1049
1199
1533
4672
4365
3118
575
4013
2791
3617
3183
1126
2554
2339
3246
2351
4663
3064
781
1885
368
164
818
4877
2484
982
3433
1441
2848
1898
2442
2974
4419
1532
4527
2286
3620
2185
3758
4004
1638
1715
2937
1378
4979
4510
4354
852
3706
3163
411
2788
4263
2649
4926
4455
2170
1007
3679
2545
4457
4030
3364
3813
3651
4270
3040
4760
3045
318
3332
4492
2028
2984
4260
3884
3200
2393
3545
2118
789
4034
4284
2263
3192
1682
1840
1927
2413
1615
4318
3821
6
3309
1107
1124
1710
3962
2712
1163
3765
1279
3915
1620
2575
875
21
372
1050
227
4049
3888
3790
1015
34
3404
3468
2735
4536
4447
3927
3184
3093
2613
1762
3729
2377
1545
4664
1126
4837
3651
4931
3882
981
180
1858
4373
3936
1652
3035
3539
2161
2803
1011
3581
3949
6
4767
2661
1273
4034
692
1996
291
4896
1416
3270
4620
2134
3749
364
4882
1351
2283
2730
273
3809
186
2936
4430
3473
4927
1019
1317
2103
1047
1382
1404
2403
1301
1323
231
4468
4618
4055
1492
1485
1013
3226
241
19
2539
687
4488
1418
3913
4258
51
575
3463
4967
1592
3242
2360
2316
3477
4675
2994
3487
1442
2731
1235
4833
410
2938
4478
3337
2609
150
2042
1589
4007
3872
649
920
866
103
3427
4323
3695
1541
522
2272
1848
3008
2965
2623
2189
3188
2980
2694
4407
4301
2259
3249
4089
4822
1124
4090
2247
3953
709
4088
310
1402
1120
2424
3137
81
39
2448
4877
2545
1345
3340
2573
3669
3622
688
3762
4970
3833
2984
1296
4523
783
303
3579
3702
674
4380
3724
3210
3154
3570
4131
2936
2775
4968
3719
2845
4548
4626
2085
2315
1882
3030
44
4124
2603
2774
843
3880
3708
3430
4360
354
2259
120
1972
3109
1776
1733
2828
1455
4252
4586
458
3463
764
697
319
522
1563
837
3860
1066
3640
2826
3058
4913
2356
2231
4455
2927
2671
2231
2777
113
4774
3880
3142
214
1873
3571
416
3363
1984
2951
2091
3104
4938
3924
2529
2341
4444
2139
1361
1976
523
2269
3291
215
2426
2709
1230
2622
2161
1767
4477
1675
3638
669
163
4112
83
1822
2370
1205
3122
2909
3395
3434
3542
4003
3251
3759
2623
258
3387
2952
1796
4654
4673
2721
2700
4628
327
4797
2247
707
3402
2013
475
4054
2471
2122
508
2099
3338
313
3923
4747
4071
4745
4927
727
3168
252
1703
3073
3139
396
4076
3542
3345
4338
2982
4639
2452
3314
2286
1248
171
4341
4558
3153
2094
1412
857
3504
3410
4704
1856
1423
4166
1682
4720
1099
4197
3751
1375
103
4613
695
2798
3704
4336
2699
3914
395
501
2518
3796
4448
4106
668
469
3440
3098
2794
1721
912
543
3465
1479
2450
1646
2709
515
4390
3795
3696
1053
228
4239
4448
1946
4185
4341
3537
3572
2953
904
4547
587
4443
2305
4310
4867
182
4033
3600
2281
4982
1357
4098
2830
281
1977
1018
2583
3073
615
3644
4711
1100
4338
1048
178
2758
2708
794
674
4440
300
1822
4140
2204
4074
819
2844
2677
15
1037
842
2914
401
516
3070
1767
1289
1244
619
1409
2728
3334
4258
3907
3865
138
1202
3789
1274
1019
3280
452
3327
4607
1368
4503
3413
2579
3617
2319
1451
102
1811
197
1892
570
1157
1290
3624
2872
3497
3200
3607
4098
2739
4838
809
570
1458
1236
1341
1369
1177
754
1363
4457
1408
4963
3545
414
3847
1576
522
4196
1013
1183
401
2844
1256
203
273
122
2589
2800
1538
4200
3104
3202
2867
1339
4642
4391
602
3449
942
4573
3602
3761
906
3553
3618
577
2472
3681
2421
4709
2663
189
3445
1199
2333
3991
3492
4158
3625
4660
1528
1261
2708
1485
2003
2970
3806
2245
3285
91
643
821
254
2595
4510
1386
4004
3189
2981
2823
1171
1513
2470
2926
1661
3106
4853
2280
884
1678
2596
3535
3496
1252
4676
2606
4368
44
3085
3143
3016
513
2058
1136
3002
4043
1262
1834
2861
166
2816
1067
3913
2611
2812
154
2547
2167
3246
3130
3302
4248
1515
1852
1600
2272
1552
2822
4697
2611
2501
4350
1093
3753
1939
3995
201
3728
2409
913
434
1699
507
952
3463
2383
2884
1675
1804
4589
4742
233
1473
2303
872
2603
3927
3896
4235
505
856
4814
1250
4986
3897
865
1725
2915
3627
2085
2481
4270
4003
2499
4811
4251
3916
4042
816
1826
1808
1628
3018
3414
3381
903
502
3665
356
2619
2455
1250
4237
3106
1012
2109
4146
3317
203
4661
4171
4177
4436
4790
1586
3690
1725
1173
1261
3688
1255
3746
1334
2298
2288
3499
1759
2794
4531
4782
1006
2850
1369
2885
4236
3769
2944
3101
3904
1152
2128
2180
1406
2551
4110
3248
1979
563
1814
4375
2880
1511
3050